476.828
8.70845e+33
3.5997e+33
7.89509e+32
483.089
-8.72001e+31
-4.33417e+31
-1.11129e+31
488.359
1.58456e+30
8.76889e+29
2.47829e+29
492.242
-4.19346e+28
-2.50433e+28
-7.59911e+27
498.821
1.46334e+27
9.27248e+26
2.97616e+26
505.922
-6.36103e+25
-4.23149e+25
-1.4229e+25
508.584
3.31969e+24
2.30154e+24
8.05406e+23
511.3
-2.02687e+23
-1.45681e+23
-5.27925e+22
512.147
1.42039e+22
1.05411e+22
3.94083e+21
515.357
-1.12576e+21
-8.59918e+20
-3.30665e+20
521.193
9.97409e+19
7.82179e+19
3.08614e+19
526.346
-9.78521e+18
-7.86166e+18
-3.17638e+18
530.15
1.0547e+18
8.66609e+17
3.57947e+17
534.468
-1.24075e+17
-1.04107e+17
-4.38969e+16
541.541
1.58414e+16
1.35562e+16
5.82791e+15
545.388
-2.1845e+15
-1.90443e+15
-8.33863e+14
549.55
3.23989e+14
2.87467e+14
1.28076e+14
555.071
-5.14897e+13
-4.64572e+13
-2.10436e+13
559.895
8.73985e+12
8.01275e+12
3.68738e+12
563.54
-1.57986e+12
-1.47078e+12
-6.87176e+11
567.914
3.03344e+11
2.86585e+11
1.35863e+11
570.784
-6.17223e+10
-5.91439e+10
-2.84349e+10
574.566
1.32807e+10
1.29011e+10
6.28713e+09
579.094
-3.0161e+09
-2.96887e+09
-1.46593e+09
583.474
7.21711e+08
7.19567e+08
3.59844e+08
588.957
-1.8167e+08
-1.83397e+08
-9.28533e+07
595.971
4.80387e+07
4.90856e+07
2.51526e+07
601.151
-1.33252e+07
-1.3777e+07
-7.14243e+06
604.003
3.8739e+06
4.05153e+06
2.12496e+06
606.184
-1.17773e+06
-1.24569e+06
-660308
610.744
375425
401427
215506
614.429
-123928
-134010
-72339.8
617.677
43811.6
47805.9
26462.2
620.627
-15001.8
-16623.8
-8919.9
624.775
6515.7
7195.53
4299.92
628.489
-1683.65
-1975.74
-840.768
631.531
1578.03
1709.44
1248.22
635.623
234.593
176.051
373.84
642.169
822.308
852.882
768.178
649.423
568.729
555.846
596.745
654.508
695.056
703.438
685.531
658.812
640.097
637.261
647.871
663.374
675.147
678.862
675.485
669.337
665.008
664.961
668.831
674.327
678.862
680.927
680.607
679.183
678.252
678.894
681.269
684.724
688.23
690.87
692.153
692.062
690.918
689.16
687.181
685.265
683.594
682.298
681.471
681.168
681.377
682.012
682.93
683.98
685.048
686.087
687.1
688.11
689.116
690.079
690.929
691.606
692.093
692.439
692.744
693.119
693.652
694.372
695.252
696.236
697.273
698.341
699.449
700.615
701.837
703.071
704.23
705.22
705.98
706.516
706.919
707.331
707.903
708.731
709.818
711.071
712.336
713.457
714.339
714.98
715.477
715.98
716.639
717.544
718.699
720.022
721.385
722.664
723.779
724.725
725.563
726.39
727.307
728.38
729.627
731.018
732.494
733.981
735.414
736.741
737.926
738.949
739.799
740.484
741.023
741.455
741.828
742.192
742.587
743.03
743.521
744.042
744.572
745.103
745.645
746.222
746.866
747.602
748.437
749.357
750.332
751.322
752.291
753.211
754.065
754.846
755.556
756.208
756.823
757.436
758.083
758.791
759.567
760.388
761.214
762.01
762.782
763.594
764.574
765.876
767.619
769.827
772.388
775.076
777.612
779.764
781.435
782.693
783.732
784.77
785.943
787.24
788.532
789.675
790.639
791.586
792.82
794.631
797.085
799.894
802.458
804.115
804.49
803.773
802.728
802.376
803.447
805.882
808.709
810.442
809.907
807.083
803.423
801.331
802.861
808.292
815.435
820.37
819.556
812.363
802.456
796.74
801.728
818.895
841.831
857.79
854.203
827.555
789.376
764.016
776.481
834.795
917.075
974.501
954.938
839.391
670.814
551.007
593.06
843.082
1213.78
1484.47
1400.2
846.314
6.84333
-620.098
-436.358
851.911
2843.14
4367.33
3963.98
855.25
-4052.67
-7899.35
-6972.64
857.383
13477.9
23606.8
21416.9
864.657
-32968.4
-60769
-55423.3
867.99
95528.7
175171
161781
871.373
-275649
-513882
-479567
874.32
844914
1.58963e+06
1.50037e+06
878.984
-2.69332e+06
-5.12825e+06
-4.89548e+06
884.61
9.00268e+06
1.73377e+07
1.67446e+07
889.298
-3.1513e+07
-6.14154e+07
-6.00252e+07
893.495
1.15728e+08
2.28291e+08
2.25867e+08
895.969
-4.46335e+08
-8.91513e+08
-8.93186e+08
895.604
1.81039e+09
3.66276e+09
3.71736e+09
899.96
-7.73418e+09
-1.58559e+10
-1.63081e+10
905.628
3.48577e+10
7.24449e+10
7.55441e+10
909.901
-1.66041e+11
-3.49996e+11
-3.70213e+11
912.497
8.37585e+11
1.79163e+12
1.9234e+12
919.426
-4.48443e+12
-9.73995e+12
-1.06188e+13
925.26
2.55461e+13
5.63756e+13
6.24605e+13
930.887
-1.55268e+14
-3.48409e+14
-3.92582e+14
935.639
1.01003e+15
2.30645e+15
2.64538e+15
938.908
-7.05674e+15
-1.64147e+16
-1.91826e+16
942.378
5.31664e+16
1.26112e+17
1.50332e+17
946.279
-4.33941e+17
-1.05097e+18
-1.2796e+18
949.57
3.85748e+18
9.55297e+18
1.1898e+19
953.851
-3.75812e+19
-9.53312e+19
-1.21678e+20
959.146
4.04257e+20
1.05258e+21
1.37981e+21
961.484
-4.84459e+21
-1.29804e+22
-1.75227e+22
964.649
6.53969e+22
1.80883e+23
2.52302e+23
968.85
-1.00832e+24
-2.89078e+24
-4.18442e+24
974.47
1.80819e+25
5.40246e+25
8.16315e+25
980.197
-3.86533e+26
-1.21274e+27
-1.92895e+27
987.157
1.02066e+28
3.4019e+28
5.77077e+28
994.122
-3.52314e+29
-1.27266e+30
-2.35752e+30
1001.04
1.76975e+31
7.24385e+31
1.55382e+32
1008.1
-1.75687e+33
-1.00082e+34
-3.87213e+34
-1.1905e+35
-2.9307e+35
-5.01872e+35
1018.92
