476.828
478.422
480.005
481.564
483.089
484.564
485.957
487.234
488.359
489.323
490.214
491.149
492.242
493.583
495.154
496.915
498.821
500.813
502.76
504.512
505.922
506.893
507.545
508.051
508.584
509.267
510.028
510.746
511.3
511.611
511.769
511.903
512.147
512.608
513.302
514.221
515.357
516.69
518.157
519.684
521.193
522.623
523.96
525.202
526.346
527.396
528.366
529.278
530.15
531.016
531.96
533.078
534.468
536.177
538.057
539.911
541.541
542.805
543.78
544.597
545.388
546.264
547.247
548.342
549.55
550.867
552.255
553.672
555.071
556.414
557.678
558.844
559.895
560.826
561.697
562.577
563.54
564.63
565.784
566.909
567.914
568.738
569.434
570.088
570.784
571.588
572.499
573.498
574.566
575.682
576.825
577.97
579.094
580.183
581.256
582.344
583.474
584.676
585.974
587.393
588.957
590.672
592.471
594.266
595.971
597.514
598.888
600.098
601.151
602.056
602.824
603.469
604.003
604.454
604.904
605.448
606.184
607.171
608.334
609.562
610.744
611.793
612.729
613.593
614.429
615.271
616.106
616.915
617.677
618.384
619.075
619.805
620.627
621.575
622.617
623.701
624.775
625.797
626.757
627.654
628.489
629.264
630.009
630.753
631.531
632.375
633.316
634.388
635.623
637.043
638.628
640.347
642.169
644.056
645.942
647.755
649.423
650.894
652.198
653.386
654.508
655.607
656.69
657.759
658.812
659.858
660.937
662.093
663.374
664.806
666.33
667.867
669.337
670.682
671.93
673.129
674.327
675.559
676.804
678.024
679.183
680.282
681.456
682.879
684.724
687.042
689.404
691.261
692.062
691.439
689.744
687.508
685.265
683.458
682.173
681.411
681.168
681.422
682.062
682.959
683.98
685.017
686.05
687.08
688.11
689.13
690.092
690.937
691.606
692.067
692.401
692.715
693.119
693.696
694.433
695.293
696.236
697.235
698.291
699.414
700.615
701.885
703.143
704.288
705.22
705.879
706.361
706.8
707.331
708.059
708.96
709.982
711.071
712.173
713.231
714.186
714.98
715.59
716.124
716.728
717.544
718.668
719.996
721.379
722.664
723.74
724.658
725.511
726.39
727.371
728.47
729.685
731.018
732.456
733.937
735.39
736.741
737.93
738.947
739.797
740.484
741.018
741.445
741.818
742.192
742.608
743.064
743.546
744.042
744.542
745.06
745.614
746.222
746.898
747.646
748.466
749.357
750.313
751.301
752.28
753.211
754.063
754.838
755.549
756.208
756.828
757.443
758.086
758.791
759.58
760.414
761.242
762.01
762.706
763.465
764.463
765.876
767.814
770.132
772.623
775.076
777.321
779.331
781.118
782.693
784.07
785.269
786.318
787.24
788.082
788.982
790.097
791.586
793.538
795.752
797.961
799.894
801.348
802.391
803.155
803.773
804.355
804.91
805.424
805.882
806.272
806.597
806.865
807.083
807.267
807.482
807.799
808.292
809.018
809.96
811.086
812.363
813.766
815.308
817.011
818.895
820.964
823.152
825.377
827.555
829.613
831.52
833.255
834.795
836.133
837.309
838.378
839.391
840.39
841.358
842.265
843.082
843.802
844.509
845.31
846.314
847.588
849.036
850.522
851.911
853.091
854.039
854.759
855.25
855.553
855.857
856.391
857.383
858.968
860.921
862.924
864.657
865.889
866.726
867.363
867.99
868.757
869.629
870.527
871.373
872.115
872.802
873.511
874.32
875.287
876.404
877.645
878.984
880.393
881.83
883.25
884.61
885.876
887.063
888.195
889.298
890.391
891.465
892.505
893.495
894.41
895.181
895.727
895.969
895.878
895.633
895.465
895.604
896.22
897.24
898.531
899.96
901.413
902.853
904.263
905.628
906.924
908.103
909.113
909.901
910.455
910.936
911.549
912.497
913.916
915.675
917.578
919.426
921.067
922.535
923.906
925.26
926.654
928.077
929.498
930.887
932.213
933.459
934.607
935.639
936.548
937.367
938.14
938.908
939.708
940.551
941.439
942.378
943.362
944.364
945.348
946.279
947.133
947.94
948.738
949.57
950.472
951.47
952.589
953.851
955.253
956.691
958.032
959.146
959.943
960.512
960.982
961.484
962.121
962.884
963.739
964.649
965.592
966.586
967.662
968.85
970.168
971.578
973.028
974.47
975.868
977.255
978.681
980.197
981.836
983.572
985.36
987.157
988.93
990.677
992.405
994.122
995.835
997.553
999.284
1001.04
1002.82
1004.6
1006.37
1008.1
1009.77
1011.38
1012.94
1014.47
1015.97
1017.45
1018.92
