0
9.57718
19.1544
28.7315
38.3087
47.8859
57.4631
67.0403
76.6175
86.1946
95.7718
105.349
114.926
124.503
134.081
143.658
153.235
162.812
172.389
181.966
191.544
201.121
210.698
220.275
229.852
239.43
249.007
258.584
268.161
277.738
287.315
296.893
306.47
316.047
325.624
335.201
344.779
354.356
363.933
373.51
383.087
392.665
402.242
411.819
421.396
430.973
440.55
450.128
459.705
469.282
478.859
488.436
498.014
507.591
517.168
526.745
536.322
545.899
555.477
565.054
574.631
584.208
593.785
603.363
612.94
622.517
632.094
641.671
651.248
660.826
670.403
679.98
689.557
699.134
708.712
718.289
727.866
737.443
747.02
756.597
766.175
775.752
785.329
794.906
804.483
814.061
823.638
833.215
842.792
852.369
861.946
871.524
881.101
890.678
900.255
909.832
919.41
928.987
938.564
948.141
957.718
967.296
976.873
986.45
996.027
1005.6
1015.18
1024.76
1034.34
1043.91
1053.49
1063.07
1072.64
1082.22
1091.8
1101.38
1110.95
1120.53
1130.11
1139.68
1149.26
1158.84
1168.42
1177.99
1187.57
1197.15
1206.73
1216.3
1225.88
1235.46
1245.03
1254.61
1264.19
1273.77
1283.34
1292.92
1302.5
1312.07
1321.65
1331.23
1340.81
1350.38
1359.96
1369.54
1379.11
1388.69
1398.27
1407.85
1417.42
1427
1436.58
1446.15
1455.73
1465.31
1474.89
1484.46
1494.04
1503.62
1513.19
1522.77
1532.35
1541.93
1551.5
1561.08
1570.66
1580.24
1589.81
1599.39
1608.97
1618.54
1628.12
1637.7
1647.28
1656.85
1666.43
1676.01
1685.58
1695.16
1704.74
1714.32
1723.89
1733.47
1743.05
1752.62
1762.2
1771.78
1781.36
1790.93
1800.51
1810.09
1819.66
1829.24
1838.82
1848.4
1857.97
1867.55
1877.13
1886.71
1896.28
1905.86
1915.44
1925.01
1934.59
1944.17
1953.75
1963.32
1972.9
1982.48
1992.05
2001.63
2011.21
2020.79
2030.36
2039.94
2049.52
2059.09
2068.67
2078.25
2087.83
2097.4
2106.98
2116.56
2126.13
2135.71
2145.29
2154.87
2164.44
2174.02
2183.6
2193.17
2202.75
2212.33
2221.91
2231.48
2241.06
2250.64
2260.22
2269.79
2279.37
2288.95
2298.52
2308.1
2317.68
2327.26
2336.83
2346.41
2355.99
2365.56
2375.14
2384.72
2394.3
2403.87
2413.45
2423.03
2432.6
2442.18
2451.76
2461.34
2470.91
2480.49
2490.07
2499.64
2509.22
2518.8
2528.38
2537.95
2547.53
2557.11
2566.69
2576.26
2585.84
2595.42
2604.99
2614.57
2624.15
2633.73
2643.3
2652.88
2662.46
2672.03
2681.61
2691.19
2700.77
2710.34
2719.92
2729.5
2739.07
2748.65
2758.23
2767.81
2777.38
2786.96
2796.54
2806.11
2815.69
2825.27
2834.85
2844.42
2854
2863.58
2873.15
2882.73
2892.31
2901.89
2911.46
2921.04
2930.62
2940.2
2949.77
2959.35
2968.93
2978.5
2988.08
2997.66
3007.24
3016.81
3026.39
3035.97
3045.54
3055.12
3064.7
3074.28
3083.85
3093.43
3103.01
3112.58
3122.16
3131.74
3141.32
3150.89
3160.47
3170.05
3179.62
3189.2
3198.78
3208.36
3217.93
3227.51
3237.09
3246.67
3256.24
3265.82
3275.4
3284.97
3294.55
3304.13
3313.71
3323.28
3332.86
3342.44
3352.01
3361.59
3371.17
3380.75
3390.32
3399.9
3409.48
3419.05
3428.63
3438.21
3447.79
3457.36
3466.94
3476.52
3486.09
3495.67
3505.25
3514.83
3524.4
3533.98
3543.56
3553.13
3562.71
3572.29
3581.87
3591.44
3601.02
3610.6
3620.18
3629.75
3639.33
3648.91
3658.48
3668.06
3677.64
3687.22
3696.79
3706.37
3715.95
3725.52
3735.1
3744.68
3754.26
3763.83
3773.41
3782.99
3792.56
3802.14
3811.72
3821.3
3830.87
3840.45
3850.03
3859.6
3869.18
3878.76
3888.34
3897.91
3907.49
3917.07
3926.65
3936.22
3945.8
3955.38
3964.95
3974.53
3984.11
3993.69
4003.26
4012.84
4022.42
4031.99
4041.57
4051.15
4060.73
4070.3
4079.88
4089.46
4099.03
4108.61
4118.19
4127.77
4137.34
4146.92
4156.5
4166.07
4175.65
4185.23
4194.81
4204.38
4213.96
4223.54
4233.12
4242.69
4252.27
4261.85
4271.42
4281
4290.58
4300.16
4309.73
4319.31
4328.89
4338.46
4348.04
4357.62
4367.2
4376.77
4386.35
4395.93
4405.5
4415.08
4424.66
4434.24
4443.81
4453.39
4462.97
4472.54
4482.12
4491.7
4501.28
4510.85
4520.43
4530.01
4539.58
4549.16
4558.74
4568.32
4577.89
4587.47
4597.05
4606.63
4616.2
4625.78
4635.36
4644.93
4654.51
4664.09
4673.67
4683.24
4692.82
4702.4
4711.97
4721.55
4731.13
4740.71
4750.28
4759.86
4769.44
4779.01
4788.59
4798.17
4807.75
4817.32
4826.9
4836.48
4846.05
4855.63
4865.21
4874.79
4884.36
4893.94
