520.283
0.0779366
5.63289e-18
-4.78569e-06
524.094
-0.00853345
-0.00111421
5.45185e-05
542.204
0.803592
0.0115788
-8.70131e-05
633.634
1.02859
-0.0086796
5.46639e-05
686.735
0.669091
0.00404727
-4.60222e-05
741.525
0.465732
-0.00666764
3.91945e-05
755.831
0.139007
0.00245763
-1.06887e-05
776.425
0.327337
-3.09166e-05
-6.35726e-06
798.671
0.207672
-0.00151102
1.49718e-05
812.685
0.24366
0.00197473
-1.48762e-05
836.535
0.281375
-0.00148875
1.52549e-06
850.118
0.0778641
-0.00113358
6.78377e-06
852.505
0.0244886
0.000445815
-8.98459e-06
852.891
-0.0686524
-0.00164598
1.19453e-05
843.233
-0.108298
0.00113513
-2.30192e-06
840.589
0.0262976
0.000599196
-7.37522e-07
845.894
0.105975
0.000427486
-7.65555e-06
853.114
0.0340027
-0.00135488
3.44697e-06
849.204
-0.114012
-0.000552359
6.17314e-06
839.915
-0.0882069
0.000884873
-1.78445e-06
837.565
0.0168953
0.000469417
-1.90356e-06
840.813
0.0553608
2.62293e-05
-5.11932e-06
842.875
-0.0330662
-0.00116565
1.70357e-06
834.084
-0.18321
-0.000769026
4.48955e-08
815.255
-0.301763
-0.000758574
1.94333e-05
796.351
-0.0683739
0.0037659
-6.90781e-05
781.438
-0.731991
-0.0123169
6.22016e-05
679.522
-1.51986
0.00216489
1.18637e-05
580.155
-0.969476
0.00492701
-6.75009e-06
531.436
-0.326701
0.00335545
-1.32961e-05
520.076
-0.0461297
0.000259848
-5.76045e-07
